$ 1 0.000005 10.20027730826997 50 5 43 5e-11
f 288 352 352 352 32 1.5 0.02
w 288 224 288 352 0
r 352 240 352 176 0 1000
w 352 32 352 176 0
w 352 288 352 336 0
w 352 368 352 448 0
w 288 448 48 448 0
w 352 240 352 288 0
w 352 288 560 288 0
w 352 32 128 32 0
R 64 32 16 32 0 0 40 4 0 0 0.5
R 48 112 16 112 0 0 40 5 0 0 0.5
g 48 448 48 480 0 0
w 192 112 64 112 0
w 64 32 128 32 0
w 128 32 128 224 0
s 144 224 192 224 0 1 false
w 128 224 144 224 0
d 208 112 256 112 2 1N5711
d 208 224 256 224 2 1N5711
w 256 112 288 112 0
w 256 224 288 224 0
w 288 112 288 224 0
w 208 224 192 224 0
w 208 112 192 112 0
r 288 352 288 448 0 10000
w 288 448 352 448 0
